1,1,0,0,0,0,0,1394076735
1,1,1,0,0,0,0,1394076735
1,2,0,3,0,0,0,1394076735
1,2,1,3,0,0,0,1394076735
1,2,2,4,2,0,0,1394076735
1,2,3,5,5,0,1,1394076735
1,2,4,6,5,0,1,1394076735
1,2,5,6,5,0,1,1396536336
1,3,1,7,5,0,1,1394076735
1,3,2,8,5,0,1,1394076735
1,3,3,11,5,0,1,1394076735
1,3,4,13,5,0,1,1394076735
1,3,5,14,5,0,1,1394076735
1,3,6,14,5,0,1,1396536336
1,4,0,19,5,0,1,1394076735
1,4,1,23,5,2,1,1394076735
1,4,2,24,5,2,1,1394076735
1,4,3,26,5,2,1,1394076735
1,4,4,27,5,2,2,1394076735
1,4,5,27,5,2,2,1396536336
1,5,0,27,5,2,2,1394805234
2,1,0,3,0,0,0,1394286467
2,1,1,3,0,0,0,1394076735
2,1,2,5,0,0,0,1394076735
2,1,3,11,0,0,0,1394076735
2,1,4,12,1,1,0,1394076735
2,1,5,12,1,1,0,1396536336
2,2,0,13,1,1,0,1394076735
2,2,1,14,1,1,0,1394076735
2,2,2,16,1,1,0,1394076735
2,2,3,16,1,1,0,1396536336
2,3,0,16,1,1,0,1394285612
3,1,1,2,0,0,0,1394076735
3,1,2,2,0,0,0,1394076735
3,1,3,5,0,0,1,1394076735
3,1,4,6,0,0,3,1394076735
3,1,5,8,1,1,9,1394320901
3,1,6,8,1,1,9,1396536336
3,2,1,10,1,1,10,1394329183
3,2,2,15,2,1,11,1394330228
3,2,3,18,2,1,11,1394375898
3,2,4,20,4,1,11,1394378914
3,2,5,20,4,1,11,1396536336
3,3,0,20,4,1,11,1397743621
4,1,0,1,0,0,1,1395080860
4,1,1,2,0,0,2,1395082941
4,1,2,6,0,0,2,1395083352
4,1,3,10,2,0,2,1395099117
4,1,4,10,2,0,2,1395934266
4,2,1,10,2,0,2,1393351600
4,2,2,10,2,0,2,1395101068
4,2,3,11,3,0,2,1395102773
4,2,4,13,3,0,2,1395840119
4,2,5,13,3,0,2,1393351600
4,2,6,13,3,0,2,1398192226
4,3,1,15,3,0,2,1396211493
4,3,2,16,3,1,3,1395402895
4,3,3,16,3,1,3,1396536336
4,4,0,16,3,1,3,1395716833
5,1,0,0,0,0,0,1396096822
5,1,1,1,0,0,0,1397743621
5,1,2,2,0,1,0,1398192226
5,1,3,7,0,1,0,1397743621
5,1,4,9,0,1,0,1395933624
5,1,5,14,0,2,0,1396103355
5,1,6,14,0,2,0,1396536808
5,2,0,14,0,2,0,1396184620
5,2,1,17,0,2,1,1398192226
5,2,2,19,0,2,1,1395933784
5,2,3,26,0,2,1,1396186532
5,2,4,30,2,2,1,1397074424
5,2,5,30,2,2,1,1398192226
5,3,1,33,2,3,2,1398192226
5,3,2,37,5,3,4,1396496117
5,3,3,37,5,3,4,1396496593
5,4,0,37,5,3,4,1398193013
6,1,0,0,0,0,0,1398192226
6,1,1,1,0,0,1,1398192226
6,1,2,2,0,0,1,1398192226
6,1,3,9,1,0,2,1398192226
6,1,4,10,1,0,2,1397112432
6,1,5,16,3,0,2,1398192226
6,1,6,16,3,0,2,1398192226
6,2,0,16,3,0,2,1398192226
6,2,1,18,3,0,2,1398192226
6,2,2,21,3,0,2,1397445506
6,2,3,22,3,0,2,1398192226
6,2,4,23,3,0,2,1398192226
6,2,5,24,3,0,3,1398192226
6,2,6,24,3,0,3,1398192226
6,3,0,24,3,0,3,1398192698
